INDEX,

AUCTORUM QUI Α PETRO ABAELARDO CITANTUR.

AxnnosmS. 1, 89,139,152,19Ο, 353, 444, 505,
513, 525, 651, Ιῐ, 17, 44, 158, 188, 223,
259, 301, 337, 338, 350, 351, 353, 359,
422, 439, 451, 452, 459, 462, 468, 534,
536, 633.

Amsnsms. 1, 208 .

ΑΝεηιωε CmmAmsl3. 11, 100, 151, 523. -

Aaeonnomus rhetor. ΙΙ, 525.

Arumuus. 1, 648.

Αιιετοτειῐεε. Categ„ Ι, 626, 11, 89, 98, 479,
481 ‚ 550, 558, 676, 684, 685.— Hermeneia,
11, 142, 143, 448, 451, 489, 614, 743, 744,
747.—Elench. Sophist„ 1, 697. -- Τοριο., 1,
629.-- Physic„ ΙΙ, 474, ubi notulam videas.

ΑΤΗΔΝΔεισε. 1, 22, 191, 623, ΙΙ, 10, 105, 137,
502, 511, 529, 616.

Auousrmus. Ι, 14, 19, 32, 96, 116, 128, 142,
147, 149, 150, 156, 180, 181, 182, 190,
191, 192, 194, 198, 243, 251, 285, 288
293, 366, 388, 442, 448, 472, 476, 485,
517, 519, 550, 565, 581, 588, 601, 607,
612, 616, 621, 626, 633, 639, 648, 649,
656, 662, 678, 684, 685, 693, 696, 697,
698.

—-11‚ 3, 4, 5, 8,11,12,13, 16, 19, 20, 21,
27, 29, 30, 31, 32, 33, 34, 35, 36, 41, 44,
49, 54, 55, 66, 67, 70, 73, 75, 76, 81,
82, 85, 87, 89, 92, 106, 107, 111, 113,
117, 121, 122, 123, 124, 158, 159, 164,
182, 195, 202, 209, 215, 218, 223, 238,
239, 240, 242, 260, 276, 324, 338, 345,
350, 363, 365, 366, 368, 373, 375, 376,
378, 385, 386, 387, 392, 393, 394, 396
405, 409, 411, 413, 417, 425, 426, 427

11

428, 438,430, 447, 443, 443, 430, 433, 460,
469, 463, 464, 466, 467, 468, 460, 470,
470, 480, 402, 403, 404, 400, 300, 309,
303, 303, 303, 309, 377, 373, 397, 399,
333, 334, 333, 336, 554, 558, 339, 604, 603,
677, 694, 636, 630, 673, 674, 080, 682,
713, 774, 790.

ΒΛειιιυε. 1, 172 .

Βιω. 1, 23, 210, 287, 302, 452, 499, 360,
333, 633, 677, 676,639, 683, 685; 11, 777,
349, 546.

Bantmc‘rus. 1, 109, 112, 113, 119,156, 163,
166, 179, 189, 190, 195, 196, 209, 466,
524, 572, 585, 652.

nummus. Super Porphyrium, 11, 34, 376, 413,
685, - In Praedtcamema, 11, 19, 518, -
de Inter-pretatione, 11, 239, 736, 737, 743, —
de Differ-endis Topicis, 11, 89, 93, 94, 479,
485, 488, 503, 672, 678, - Liber Divi-
sionum, 11, 98, 488, 512, - Super Topica
Ciceronis, 11, 9, 527, 528, - de Musica, Π,
40, ·— Contra Eutychem‚ 11, 193, 495, -
de Trinitate, 11, 86, 469, 500, 507, - de
Consolatione, 1, 656, 675, 11, 40, 52, 71, 87,
145, 418, 419, 475, 684 ; -- In variislocis, 1,
649; ΙΙ, 453.

Bomncms. 1, 217.

Cassxononus. 1, 134, 555; Π, 347, 349, 363,
388.

Cnoms Disticha, Ι, 6843 11, 45, 386.

sommas ennom-ms. 1, 797, 333, 336,337,
570, 594, 688, 690, 11, 106, 122, 349, 529,

559 .
1 04

